0 0 44.226 
0 0 15.681 
44.226 15.681 0 

0 0 11.28 
0 0 8.829 
11.28 8.829 0 

0 4.303 0 
4.303 0 14.961 
0 14.961 0 


0 27.44 0 
27.44 0 0 
0 0 0 

0 10.143 4.164 
10.143 0 0 
4.164 0 0 

0 6.541 0 
6.541 0 0 
0 0 0 


0 0 0 
0 0 0 
0 0 0 

0 7.703 0 
7.703 0 0 
0 0 0 

0 0 11.677 
0 0 6.75 
11.677 6.75 0 


0 0 0 
0 0 0 
0 0 0 

0 5.181 0 
5.181 0 0 
0 0 0 

0 0 0 
0 0 5.227 
0 5.227 0 



0 0 0 
0 0 12.353 
0 12.353 0 

0 30.367 2.578 
30.367 0 0 
2.578 0 0 

0 0 5.533 
0 0 4.649 
5.533 4.649 0 


0 0 10.251 
0 0 4.391 
10.251 4.391 0 

0 3.25637 0 
3.25637 0 12.272 
0 12.272 0 

0 3.25659 0 
3.25659 0 0 
0 0 0 


0 0 0 
0 0 0 
0 0 0 

0 0 0 
0 0 11.939 
0 11.939 0 

0 0 4.272 
0 0 0 
4.272 0 0 


0 0 0 
0 0 0 
0 0 0 

0 0 0 
0 0 5.881 
0 5.881 0 

0 0 10.915 
0 0 17.053 
10.915 17.053 0 



0 0 0 
0 0 3.608 
0 3.608 0 

0 2.29 0 
2.29 0 17.559 
0 17.559 0 

0 0 3.25659 
0 0 0 
3.25659 0 0 


0 0 16.345 
0 0 8.398 
16.345 8.398 0 

0 0 0 
0 0 3.75 
0 3.75 0 

0 3.07 0 
3.07 0 4.626 
0 4.626 0 


0 0 0 
0 0 0 
0 0 0 

0 0 5.384 
0 0 8.143 
5.384 8.143 0 

0 3.218 0 
3.218 0 0 
0 0 0 


0 0 0 
0 0 0 
0 0 0 

0 3.608 0 
3.608 0 2.74 
0 2.74 0 

0 3.024 0 
3.024 0 0 
0 0 0 



0 0 4.008 
0 0 12.68 
4.008 12.68 0 

0 6.882 5.243 
6.882 0 0 
5.243 0 0 

0 9.945 0 
9.945 0 8.51 
0 8.51 0 


0 4.864 0 
4.864 0 28.657 
0 28.657 0 

0 0 3.545 
0 0 0 
3.545 0 0 

0 0 0 
0 0 5.774 
0 5.774 0 


0 0 0 
0 0 0 
0 0 0 

0 3.915 0 
3.915 0 0 
0 0 0 

0 6.625 0 
6.625 0 0 
0 0 0 


0 0 0 
0 0 0 
0 0 0 

0 3.031 0 
3.031 0 0 
0 0 0 

0 7.625 0 
7.625 0 2.665 
0 2.665 0 



0 14.67 0 
14.67 0 8.454 
0 8.454 0 

0 11.493 0 
11.493 0 14.713 
0 14.713 0 

0 0 4.703 
0 0 4.374 
4.703 4.374 0 


0 11.219 0 
11.219 0 0 
0 0 0 

0 0 4.992 
0 0 0 
4.992 0 0 

0 0 11.742 
0 0 0 
11.742 0 0 


0 0 0 
0 0 0 
0 0 0 

0 3.506 0 
3.506 0 24.438 
0 24.438 0 

0 0 3.25657 
0 0 0 
3.25657 0 0 


0 0 0 
0 0 0 
0 0 0 

0 7.453 7.065 
7.453 0 0 
7.065 0 0 

0 0 0 
0 0 6.279 
0 6.279 0 



0 0 0 
0 0 7.535 
0 7.535 0 

0 0 0 
0 0 3.641 
0 3.641 0 

0 0 2.712 
0 0 8.312 
2.712 8.312 0 


0 0 3.25678 
0 0 20.0393 
3.25678 20.0393 0 

0 11.592 8.76 
11.592 0 0 
8.76 0 0 

0 2.344 0 
2.344 0 9.609 
0 9.609 0 


0 0 0 
0 0 0 
0 0 0 

0 4.727 3.737 
4.727 0 0 
3.737 0 0 

0 0 5.456 
0 0 0 
5.456 0 0 


0 0 0 
0 0 0 
0 0 0 

0 0 0 
0 0 4.184 
0 4.184 0 

0 0 7.399 
0 0 0 
7.399 0 0 



0 3.904 3.744 
3.904 0 0 
3.744 0 0 

0 2.552 0 
2.552 0 12.055 
0 12.055 0 

0 0 2.761 
0 0 0 
2.761 0 0 


0 9.456 0 
9.456 0 0 
0 0 0 

0 0 11.392 
0 0 0 
11.392 0 0 

0 0 5.032 
0 0 4.671 
5.032 4.671 0 


0 0 0 
0 0 0 
0 0 0 

0 28.635 4.784 
28.635 0 0 
4.784 0 0 

0 5.721 0 
5.721 0 0 
0 0 0 


0 0 0 
0 0 0 
0 0 0 

0 3.937 7.656 
3.937 0 0 
7.656 0 0 

0 0 6.678 
0 0 0 
6.678 0 0 



0 2.984 0 
2.984 0 3.591 
0 3.591 0 

0 3.577 0 
3.577 0 8.391 
0 8.391 0 

0 3.927 0 
3.927 0 0 
0 0 0 


0 4.272 3.488 
4.272 0 0 
3.488 0 0 

0 0 3.401 
0 0 0 
3.401 0 0 

0 0 3.568 
0 0 0 
3.568 0 0 


0 0 0 
0 0 0 
0 0 0 

0 4.288 0 
4.288 0 0 
0 0 0 

0 12.903 2.857 
12.903 0 0 
2.857 0 0 


0 0 0 
0 0 0 
0 0 0 

0 0 4.248 
0 0 0 
4.248 0 0 

0 2.608 0 
2.608 0 3.144 
0 3.144 0 



0 2.449 0 
2.449 0 3.25656 
0 3.25656 0 

0 2.743 0 
2.743 0 0 
0 0 0 

0 0 3.433 
0 0 0 
3.433 0 0 


0 3.791 0 
3.791 0 2.704 
0 2.704 0 

0 0 3.441 
0 0 0 
3.441 0 0 

0 0 3.032 
0 0 5.273 
3.032 5.273 0 


0 0 0 
0 0 0 
0 0 0 

0 0 2.879 
0 0 0 
2.879 0 0 

0 17.151 0 
17.151 0 2.584 
0 2.584 0 


0 0 0 
0 0 0 
0 0 0 

0 0 0 
0 0 2.512 
0 2.512 0 

0 3.896 0 
3.896 0 2.872 
0 2.872 0 



0 1.968 2.112 
1.968 0 0 
2.112 0 0 

0 0 0 
0 0 7.081 
0 7.081 0 

0 0 1.744 
0 0 0 
1.744 0 0 


0 0 2.585 
0 0 4.576 
2.585 4.576 0 

0 1.88 3.103 
1.88 0 0 
3.103 0 0 

0 0 3.584 
0 0 0 
3.584 0 0 


0 0 0 
0 0 0 
0 0 0 

0 0 1.991 
0 0 0 
1.991 0 0 

0 1.864 3.064 
1.864 0 0 
3.064 0 0 


0 0 0 
0 0 0 
0 0 0 

0 0 0 
0 0 2.808 
0 2.808 0 

0 2.304 0 
2.304 0 1.704 
0 1.704 0 



0 0 0 
0 0 9.408 
0 9.408 0 

0 0 0 
0 0 3.792 
0 3.792 0 

0 0 2.008 
0 0 4.681 
2.008 4.681 0 


0 0 8.791 
0 0 0 
8.791 0 0 

0 2.664 0 
2.664 0 5.113 
0 5.113 0 

0 3.712 4.31 
3.712 0 0 
4.31 0 0 


0 0 0 
0 0 0 
0 0 0 

0 2.056 0 
2.056 0 5.391 
0 5.391 0 

0 0 0 
0 0 3.769 
0 3.769 0 


0 0 0 
0 0 0 
0 0 0 

0 0 0 
0 0 2.776 
0 2.776 0 

0 0 4.952 
0 0 3.089 
4.952 3.089 0 



0 0 2.424 
0 0 0 
2.424 0 0 

0 0 2.672 
0 0 3.832 
2.672 3.832 0 

0 0 2.305 
0 0 0 
2.305 0 0 


0 2.2 0 
2.2 0 0 
0 0 0 

0 1.744 0 
1.744 0 0 
0 0 0 

0 2.376 2.256 
2.376 0 0 
2.256 0 0 


0 0 0 
0 0 0 
0 0 0 

0 2.895 0 
2.895 0 4.72 
0 4.72 0 

0 0 2.608 
0 0 3.241 
2.608 3.241 0 


0 0 0 
0 0 0 
0 0 0 

0 0 4.696 
0 0 2.873 
4.696 2.873 0 

0 3.2564 0 
3.2564 0 0 
0 0 0 



0 2.112 1.912 
2.112 0 0 
1.912 0 0 

0 3.095 0 
3.095 0 4.111 
0 4.111 0 

0 0 2.929 
0 0 3.048 
2.929 3.048 0 


0 3.497 0 
3.497 0 0 
0 0 0 

0 0 0 
0 0 5.12 
0 5.12 0 

0 0 2.424 
0 0 2.111 
2.424 2.111 0 


0 0 0 
0 0 0 
0 0 0 

0 2.217 2.968 
2.217 0 0 
2.968 0 0 

0 2.591 0 
2.591 0 0 
0 0 0 


0 0 0 
0 0 0 
0 0 0 

0 0 0 
0 0 2.368 
0 2.368 0 

0 4.312 0 
4.312 0 0 
0 0 0 



